000401
710400
000401
000401
000401
210400
511410
610400
000401
610400
000401
510400
710400
910400
810400
000401
310400
110400
000401
000401
000401
000401
610400
511410
810400
000401
501410
000401
000401
310400
000401
000401
610400
910400
000401
000401
000401
000401
910400
000401
410400
310400
610400
710400
000401
710400
510400
000401
000401
000401
000401
310400
410400
000401
000401
000401
000401
310400
000401
410400
000401
000401
610400
510400
310400
410400
610400
000401
710400
110400
210400
910400
810400
610400
000401
000401
000401
000401
410400
000401
310400
